1000179961
1000180177
1000180334
1000180340
1000180686
1000180839
1000182034
1406442136
1406442274
1406442404
1406442405
1406456737
1406468208
1406468209
1406468210
1406468211
1406476120
1406480590
1406489775
1406498365
1406530178
1406560990
1406561094
1406562164
1406564556
1406565534
1406574226
1406574310
1406579130
1406579292
1406579294
1406579296
1406579302
1406591694
1406595511
1406595625
1406599199
1406603450
1406605002
1406605004
1406605006
1406615042
1406615044
1406622023
1406628652
1406633119
1406633418
1406633419
1406636611
1406676241
1406676383
1406683522
1406683524
1406683529
1406692511
1406693815
1406711912
1406713087
1406713143
1406714585
1406715885
1406722166
1406727223
1406735620
1406739395
1406743510
1406751833
1406754593
1511951428
1511958494
1512092357
1512295828
1512344904
1512381014
1512411314
1512418756
1512425323
1512433960
1512472367
1512491747
1512503245
1512513360
1512514379
1512518871
1512534171
1512538324
1512541159
1512571071
1512579585
1512591250
1512593728
1512625636
1512667525
1512703497
1512708672
1512726119
1512733186
1512741320
1512762763
1512792255
1512792374
1512822269
1512836540
1512853161
1512853162
1512868435
1512914063
1512916757
1512933273
1512940646
1512940703
1512946791
1512946793
1600075540
2201505481
1300187137
1300187137
1300187137
1300187137
1700123400
1300187137
1300187137
1300187137
1300187137
1700123440
1700123440
1300187071
1700123430
1700126354
1300187071
1300187071
1300189500
1700126354
1700123440
1300187137
1300187137
1300187071
1300187071
1300187071
1300187071
1300187071
1300187137
1700126354
1700126354
1300187137
1300187137
1700126354
1700126354
1700126354
1300187137
1300187137
1700123430
1300187137
1300189500
1300187071
1300187071
1300187137
1300187137
1300187137
1300187137
1300187137
1300187137
1300187137
1700126354
1300187137
1300187137
1300187137
1700126354
1300187137
1300187137
1700123410
1300187137
1300194445
1700126354
1700126354
1700126354
